1 3.9
2 3.1
3 3.1
4 3.6
5 3.4
6 3.7
7 3.8
8 4.0
9 4.0
10 3.6
11 3.9
12 4.4
13 3.4
14 4.0
15 3.8
16 2.9
17 3.1
18 2.8
19 3.7
20 3.6
21 2.6
22 4.2
23 4.3
24 3.5
25 3.5
26 3.5
27 3.2
28 3.9
29 2.8
30 3.8
31 3.6
32 3.8
33 3.5
34 2.4
35 2.0
36 2.3
37 2.2
38 2.9
39 3.3
40 3.0
41 3.0
42 3.8
43 3.0
44 3.4
45 4.2
46 3.8
47 3.5
48 4.1
49 3.4
50 4.3
51 3.4
52 4.0
53 2.9
54 3.3
55 3.7
56 4.2
57 4.1
58 3.6
59 4.2
60 3.9
61 3.8
62 3.0
63 3.0
64 4.5
65 3.6
66 3.6
67 3.2
68 3.5
69 3.9
70 3.7
71 3.8
72 3.3
73 3.4
74 2.8
75 3.0
76 3.3
77 3.3
78 2.6
79 4.0
80 2.9
81 3.5
82 3.7
83 4.1
84 3.2
85 3.2
86 3.9
87 3.8
88 3.5
89 4.1
90 3.1
91 3.4
92 3.6
93 3.7
94 3.2
95 3.8
96 4.0
97 3.8
98 4.3
99 3.8
100 4.2
101 3.2
102 3.0
103 1.6
104 1.0
105 2.6
106 2.9
107 3.4
108 3.3
109 3.5
110 2.6
111 3.5
112 2.6
113 4.2
114 4.4
115 4.0
116 3.9
117 3.7
118 3.2
119 5.0
120 2.3
121 3.5
122 2.3
123 3.2
124 4.1
125 3.5
126 3.9
127 4.3
128 3.5
129 3.8
130 2.2
131 3.8
132 4.1
133 4.0
134 4.3
135 4.1
136 4.1
137 4.0
138 2.2
139 2.8
140 3.2
141 3.5
142 3.2
143 3.7
144 3.9
145 2.4
146 2.3
147 3.6
148 3.2
149 2.9
150 3.8
151 3.7
152 3.4
153 3.9
154 3.8
155 3.3
156 4.1
157 3.8
158 2.9
159 3.4
160 3.4
161 3.5
162 3.6
163 3.6
164 3.7
165 4.3
166 4.0
167 3.1
168 4.1
169 4.3
170 4.3
171 4.0
172 4.1
173 4.1
174 4.2
175 3.9
176 4.0
177 4.0
178 4.3
179 4.0
180 4.0
181 4.0
182 3.9
183 4.1
184 3.6
185 4.1
186 3.9
187 4.2
188 3.6
189 4.2
190 4.1
191 4.1
192 4.3
193 3.9
194 4.1
195 4.0
196 4.0
197 4.2
198 3.9
199 4.1
200 3.8
201 3.5
202 3.7
203 3.9
204 3.9
205 4.0
206 3.3
207 4.0
208 4.0
209 4.1
210 3.9
211 3.9
212 3.2
213 4.0
214 3.4
215 3.7
216 3.9
217 3.2
218 3.4
219 3.1
220 3.3
221 3.7
222 3.8
223 4.2
224 3.5
225 2.9
226 3.3
227 3.3
228 3.8
229 3.2
230 3.5
231 2.7
232 3.3
233 3.3
234 3.8
235 2.8
236 3.4
237 3.8
238 4.0
239 3.5
240 2.7
241 3.6
242 4.0
243 2.5
244 3.2
245 3.1
246 4.0
247 2.0
248 3.7
249 3.4
250 3.4
251 4.5
252 2.9
253 3.5
254 2.4
255 3.2
256 3.7
257 3.7
258 3.8
259 2.5
260 2.6
261 2.6
262 3.5
263 2.6
264 2.7
265 3.8
266 3.0
267 3.7
268 3.8
269 4.0
270 3.5
271 3.2
272 4.3
273 3.7
274 3.4
275 4.1
276 3.8
277 3.4
278 3.4
279 3.3
280 3.1
281 3.0
282 3.6
283 3.7
284 3.2
285 4.3
286 3.6
287 3.6
288 3.5
289 3.1
290 3.1
291 3.3
292 3.7
293 3.8
294 3.1
295 3.4
296 4.0
297 4.0
298 3.8
299 3.0
300 3.6
301 3.3
302 4.2
303 3.7
304 3.6
305 3.6
306 4.0
307 3.4
308 2.9
309 2.2
310 3.6
311 3.6
312 3.3
313 4.2
314 1.0
315 4.2
316 4.3
317 3.9
318 4.4
319 3.2
320 4.1
321 3.2
322 3.1
323 2.9
324 3.1
325 2.6
326 3.3
327 3.3
328 3.4
329 3.2
330 2.9
331 3.6
332 3.4
333 3.5
334 3.5
335 2.7
336 2.8
337 2.9
338 2.6
339 3.4
340 3.6
341 3.1
342 3.0
343 3.2
344 3.7
345 3.3
346 3.7
347 3.4
348 3.4
349 2.9
350 3.1
351 2.5
352 2.5
353 2.0
354 3.5
355 3.3
356 3.3
357 4.3
358 2.6
359 3.4
360 3.2
361 3.6
362 2.7
363 2.6
364 2.4
365 3.4
366 3.5
367 3.3
368 1.9
369 2.6
370 2.8
371 3.1
372 3.5
373 2.9
374 2.4
375 1.7
376 2.9
377 1.6
378 3.8
379 3.1
380 3.4
381 3.7
382 3.6
383 1.8
384 2.8
385 3.6
386 2.9
387 3.5
388 2.4
389 3.5
390 3.6
391 2.8
392 3.4
393 3.4
394 3.7
395 2.5
396 2.9
397 2.8
398 1.9
399 3.2
400 2.7
401 2.9
402 3.5
403 3.4
404 3.8
405 3.3
406 2.5
407 2.5
408 4.4
409 3.0
410 3.3
411 2.9
412 2.2
413 2.7
414 3.4
415 2.7
416 3.5
417 3.2
418 3.6
419 3.8
420 3.8
421 3.6
422 3.1
423 4.0
424 1.3
425 3.7
426 2.6
427 4.3
428 4.1
429 4.0
430 4.1
431 3.6
432 3.7
433 3.8
434 3.9
435 4.0
436 3.6
437 1.0
438 1.0
439 1.0
440 1.0
441 2.4
442 1.0
443 3.9
444 2.7
445 3.4
446 2.7
447 3.7
448 3.4
449 3.2
450 2.6
451 3.6
452 2.8
453 1.7
454 2.7
455 3.3
456 2.4
457 1.4
458 3.1
459 3.4
460 2.9
461 3.6
462 3.7
463 4.1
464 3.7
465 3.7
466 3.9
467 4.0
468 3.3
469 3.7
470 3.6
471 3.6
472 3.0
473 3.1
474 4.3
475 3.9
476 3.0
477 3.2
478 4.1
479 4.2
480 4.2
481 3.7
482 4.1
483 4.5
484 4.3
485 3.8
486 3.6
487 4.0
488 4.2
489 4.1
490 4.0
491 3.7
492 4.0
493 4.2
494 4.0
495 3.7
496 4.2
497 3.8
498 4.2
499 4.0
500 3.8
501 3.6
502 3.7
503 3.7
504 3.8
505 3.9
506 3.9
507 3.8
508 3.6
509 3.9
510 4.0
511 4.3
512 4.0
513 4.4
514 4.0
515 4.1
516 4.0
517 3.6
518 3.7
519 4.0
520 4.1
521 3.8
522 3.6
523 4.1
524 3.8
525 4.0
526 3.8
527 4.1
528 4.2
529 3.9
530 4.1
531 4.0
532 3.3
533 3.8
534 3.5
535 3.2
536 3.2
537 3.6
538 3.4
539 2.7
540 2.6
541 2.8
542 2.6
543 3.8
544 3.2
545 2.1
546 2.9
547 3.2
548 2.4
549 3.7
550 3.4
551 2.4
552 3.0
553 3.2
554 2.8
555 2.0
556 2.6
557 2.9
558 3.7
559 3.3
560 2.7
561 3.2
562 3.1
563 2.4
564 2.1
565 2.6
566 3.6
567 2.8
568 3.8
569 2.9
570 3.2
571 2.2
572 2.8
573 2.8
574 2.3
575 2.7
576 3.0
577 2.1
578 3.2
579 2.8
580 3.1
581 3.5
582 3.7
583 3.0
584 3.4
585 2.7
586 2.8
587 3.5
588 3.8
589 3.8
590 1.8
591 3.7
592 3.0
593 3.2
594 2.0
595 3.2
596 3.4
597 3.1
598 3.0
599 1.0
600 4.0
601 3.8
602 3.9
603 4.4
604 4.1
605 3.4
606 4.0
607 4.1
608 3.9
609 3.7
610 3.6
611 4.2
612 3.7
613 3.9
614 3.6
615 4.0
616 3.4
617 3.7
618 3.5
619 3.0
620 3.0
621 3.6
622 3.5
623 2.9
624 3.5
625 3.2
626 4.5
627 3.2
628 3.6
629 3.4
630 3.4
631 3.5
632 4.1
633 3.9
634 4.1
635 2.9
636 3.3
637 3.3
638 4.0
639 3.7
640 3.3
641 4.4
642 3.5
643 2.7
644 3.9
645 3.7
646 4.1
647 3.9
648 3.9
649 3.4
650 3.6
651 4.2
652 3.8
653 3.8
654 4.2
655 4.0
656 4.0
657 4.3
658 3.6
659 4.1
660 3.8
661 4.1
662 3.5
663 4.1
664 3.4
665 2.8
666 2.5
667 2.3
668 2.0
669 1.5
670 3.2
671 3.5
672 2.7
673 3.4
674 2.8
675 3.8
676 3.6
677 3.0
678 2.7
679 3.1
680 2.7
681 2.7
682 3.1
683 2.7
684 3.9
685 3.4
686 3.7
687 2.3
688 1.7
689 3.3
690 3.3
691 3.5
692 3.6
693 3.6
694 4.0
695 3.1
696 3.1
697 3.4
698 3.3
699 3.7
700 2.3
701 4.5
702 3.3
703 3.6
704 3.1
705 4.1
706 2.5
707 3.9
708 3.6
709 4.2
710 3.6
711 4.0
712 3.1
713 4.0
714 3.1
715 3.2
716 3.1
717 2.8
718 3.3
719 2.5
720 2.9
721 3.4
722 3.1
723 3.1
724 3.5
725 3.0
726 2.4
727 3.6
728 2.9
729 3.5
730 3.6
731 3.3
732 3.6
733 3.6
734 2.6
735 3.8
736 3.9
737 2.9
738 2.9
739 3.4
740 3.2
741 3.6
742 3.6
743 2.0
744 3.4
745 3.9
746 3.8
747 3.5
748 3.0
749 3.1
750 4.0
751 3.4
752 3.4
753 3.8
754 3.4
755 3.2
756 2.8
757 3.0
758 1.5
759 1.7
760 2.5
761 3.0
762 3.3
763 3.5
764 2.7
765 3.1
766 3.2
767 2.0
768 2.9
769 2.3
770 3.4
771 2.5
772 2.8
773 3.0
774 2.8
775 3.0
776 2.3
777 1.0
778 3.6
779 2.2
780 3.0
781 3.3
782 2.9
783 2.9
784 1.0
785 3.0
786 3.0
787 3.1
788 1.0
789 3.4
790 3.0
791 2.6
792 3.7
793 3.2
794 3.6
795 2.8
796 2.9
797 3.2
798 2.4
799 4.0
800 3.1
801 2.8
802 2.6
803 2.3
804 2.6
805 3.5
806 3.4
807 3.0
808 2.7
809 2.8
810 2.7
811 3.9
812 2.8
813 3.9
814 5.0
815 3.2
816 2.7
817 3.5
818 2.6
819 2.9
820 2.6
821 2.7
822 3.5
823 3.1
824 2.9
825 3.0
826 2.5
827 2.7
828 2.3
829 2.6
830 1.0
831 2.3
832 2.2
833 3.0
834 2.5
835 4.3
836 3.7
837 3.6
838 2.7
839 1.0
840 2.7
841 2.6
842 3.1
843 3.3
844 3.0
845 3.5
846 3.0
847 3.8
848 3.8
849 2.7
850 4.0
851 3.7
852 1.0
853 4.0
854 3.9
855 3.8
856 4.1
857 3.0
858 1.0
859 2.4
860 2.2
861 3.0
862 1.5
863 4.1
864 3.0
865 3.3
866 3.4
867 4.0
868 4.3
869 2.8
870 2.7
871 2.5
872 3.2
873 2.7
874 2.9
875 2.6
876 2.5
877 2.5
878 2.3
879 3.3
880 3.4
881 2.7
882 3.1
883 2.9
884 3.7
885 2.2
886 3.1
887 3.7
888 3.1
889 3.4
890 2.3
891 2.8
892 2.8
893 2.0
894 2.0
895 3.3
896 3.8
897 -nan
898 3.0
899 4.5
900 3.7
901 2.0
902 4.0
903 2.6
904 3.9
905 3.2
906 3.3
907 1.0
908 2.5
909 4.5
910 1.5
911 -nan
912 3.0
913 1.0
914 2.3
915 4.3
916 3.0
917 3.5
918 2.8
919 3.8
920 2.5
921 4.1
922 3.8
923 4.2
924 3.5
925 3.4
926 2.5
927 3.0
928 3.0
929 2.6
930 2.5
931 1.9
932 2.5
933 2.3
934 3.1
935 3.6
936 4.2
937 3.5
938 2.9
939 3.7
940 2.7
941 2.9
942 3.6
943 3.6
944 2.9
945 3.9
946 3.4
947 3.7
948 2.3
949 3.3
950 2.6
951 2.9
952 3.0
953 3.6
954 3.5
955 3.4
956 3.6
957 1.0
958 4.2
959 3.5
960 2.9
961 3.9
962 3.4
963 4.4
964 3.2
965 3.8
966 4.2
967 3.2
968 3.9
969 3.6
970 3.6
971 3.4
972 3.4
973 3.0
974 2.9
975 3.0
976 2.1
977 2.6
978 2.1
979 3.0
980 3.4
981 1.5
982 2.2
983 2.4
984 2.7
985 2.7
986 2.7
987 -nan
988 2.2
989 2.6
990 3.1
991 1.9
992 3.0
993 3.4
994 2.7
995 3.2
996 2.3
997 1.8
998 2.5
999 3.0
1000 3.1
1001 1.4
1002 1.8
1003 2.4
1004 3.2
1005 3.9
1006 3.0
1007 4.1
1008 3.7
1009 3.3
1010 3.2
1011 3.3
1012 3.6
1013 2.4
1014 3.2
1015 2.2
1016 3.5
1017 3.2
1018 3.1
1019 3.9
1020 3.8
1021 4.0
1022 3.6
1023 2.5
1024 3.5
1025 3.2
1026 2.3
1027 4.0
1028 3.0
1029 1.4
1030 2.0
1031 2.7
1032 2.5
1033 2.9
1034 2.4
1035 3.2
1036 2.5
1037 1.8
1038 3.3
1039 4.0
1040 2.4
1041 3.2
1042 3.1
1043 3.4
1044 3.2
1045 3.1
1046 3.4
1047 2.9
1048 2.9
1049 2.4
1050 3.4
1051 3.2
1052 2.2
1053 3.6
1054 1.8
1055 4.0
1056 3.6
1057 2.5
1058 3.1
1059 2.7
1060 2.7
1061 3.1
1062 4.5
1063 3.6
1064 4.0
1065 3.5
1066 2.7
1067 3.3
1068 2.8
1069 3.3
1070 3.5
1071 2.6
1072 1.8
1073 3.8
1074 3.1
1075 4.3
1076 2.0
1077 3.3
1078 2.5
1079 2.5
1080 4.0
1081 2.8
1082 2.4
1083 2.5
1084 4.0
1085 2.1
1086 3.9
1087 1.6
1088 2.2
1089 2.0
1090 2.3
1091 2.8
1092 2.4
1093 3.0
1094 2.7
1095 2.7
1096 3.0
1097 3.2
1098 3.6
1099 3.6
1100 2.5
1101 3.8
1102 2.2
1103 3.8
1104 3.0
1105 3.3
1106 3.3
1107 2.6
1108 2.4
1109 3.4
1110 2.7
1111 3.4
1112 3.5
1113 3.1
1114 3.0
1115 3.6
1116 3.3
1117 3.0
1118 3.0
1119 3.8
1120 2.8
1121 3.8
1122 -nan
1123 3.7
1124 3.9
1125 4.0
1126 3.5
1127 3.0
1128 3.0
1129 3.8
1130 -nan
1131 3.9
1132 2.6
1133 3.1
1134 3.1
1135 3.2
1136 3.9
1137 4.0
1138 4.0
1139 2.5
1140 2.2
1141 3.4
1142 4.0
1143 4.4
1144 5.0
1145 2.3
1146 2.5
1147 3.9
1148 3.3
1149 3.8
1150 2.5
1151 2.0
1152 3.6
1153 3.8
1154 3.2
1155 2.0
1156 3.0
1157 2.5
1158 4.0
1159 2.7
1160 3.6
1161 3.2
1162 1.7
1163 2.3
1164 2.0
1165 1.7
1166 3.2
1167 2.8
1168 3.1
1169 4.0
1170 3.4
1171 3.0
1172 3.9
1173 3.0
1174 2.3
1175 3.7
1176 3.3
1177 1.0
1178 2.6
1179 2.2
1180 2.2
1181 2.4
1182 2.6
1183 2.5
1184 2.0
1185 2.1
1186 4.0
1187 3.3
1188 3.0
1189 5.0
1190 3.7
1191 5.0
1192 3.4
1193 3.9
1194 4.2
1195 2.8
1196 -nan
1197 3.5
1198 3.0
1199 3.1
1200 2.8
1201 -nan
1202 3.0
1203 4.1
1204 3.7
1205 2.0
1206 2.8
1207 2.2
1208 3.1
1209 2.7
1210 3.1
1211 3.4
1212 2.8
1213 2.3
1214 2.0
1215 1.9
1216 3.0
1217 2.9
1218 3.3
1219 2.7
1220 3.3
1221 3.6
1222 2.7
1223 3.7
1224 2.2
1225 2.4
1226 3.3
1227 2.0
1228 2.4
1229 2.5
1230 2.0
1231 2.5
1232 2.4
1233 4.0
1234 1.0
1235 4.0
1236 3.0
1237 3.0
1238 3.0
1239 1.9
1240 3.0
1241 2.5
1242 3.0
1243 4.5
1244 2.9
1245 3.0
1246 2.0
1247 1.8
1248 2.9
1249 2.2
1250 2.0
1251 4.0
1252 3.2
1253 2.2
1254 2.0
1255 2.0
1256 -nan
1257 1.0
1258 2.9
1259 2.3
1260 3.5
1261 4.0
1262 3.6
1263 2.9
1264 3.0
1265 3.1
1266 2.8
1267 3.1
1268 3.0
1269 3.3
1270 1.3
1271 2.6
1272 2.0
1273 2.9
1274 1.2
1275 3.0
1276 4.0
1277 3.3
1278 3.7
1279 3.7
1280 3.0
1281 3.6
1282 3.0
1283 2.7
1284 2.8
1285 3.2
1286 3.7
1287 2.0
1288 3.0
1289 2.2
1290 1.5
1291 2.8
1292 1.0
1293 5.0
1294 3.0
1295 1.7
1296 3.5
1297 2.0
1298 3.6
1299 3.3
1300 2.3
1301 4.0
1302 3.7
1303 2.1
1304 4.0
1305 2.8
1306 5.0
1307 1.5
1308 1.0
1309 1.0
1310 3.0
1311 4.0
1312 3.0
1313 3.4
1314 2.8
1315 2.9
1316 2.8
1317 2.5
1318 1.3
1319 1.8
1320 1.0
1321 4.0
1322 2.0
1323 3.0
1324 2.3
1325 -nan
1326 2.7
1327 1.0
1328 4.0
1329 -nan
1330 1.0
1331 2.5
1332 2.0
1333 2.5
1334 1.0
1335 2.3
1336 1.7
1337 2.5
1338 1.7
1339 1.0
1340 1.0
1341 -nan
1342 1.0
1343 1.0
1344 2.8
1345 1.0
1346 2.2
1347 2.7
1348 1.0
1349 1.0
1350 2.0
1351 2.0
1352 -nan
1353 2.5
1354 1.0
1355 2.5
1356 -nan
1357 3.0
1358 5.0
1359 1.0
1360 1.5
1361 2.0
1362 1.0
1363 1.0
1364 1.0
1365 -nan
1366 -nan
1367 3.7
1368 3.5
1369 2.3
1370 2.0
1371 1.5
1372 3.0
1373 1.0
1374 1.0
1375 3.2
1376 2.2
1377 2.7
1378 2.0
1379 2.3
1380 3.0
1381 3.0
1382 -nan
1383 1.5
1384 1.0
1385 1.0
1386 2.0
1387 1.0
1388 2.5
1389 1.0
1390 1.0
1391 1.0
1392 1.0
1393 1.8
1394 1.0
1395 1.7
1396 4.0
1397 3.0
1398 5.0
1399 2.4
1400 2.8
1401 3.6
1402 2.3
1403 2.7
1404 3.2
1405 3.0
1406 4.0
1407 2.3
1408 1.0
1409 1.5
1410 2.0
1411 2.5
1412 2.0
1413 3.3
1414 2.0
1415 2.2
1416 2.3
1417 3.0
1418 3.7
1419 2.1
1420 2.0
1421 3.0
1422 2.0
1423 -nan
1424 2.3
1425 2.8
1426 3.7
1427 3.5
1428 4.0
1429 -nan
1430 1.0
1431 2.0
1432 1.0
1433 -nan
1434 2.2
1435 2.6
1436 2.5
1437 1.8
1438 2.7
1439 2.8
1440 3.0
1441 2.6
1442 2.0
1443 3.3
1444 2.3
1445 4.0
1446 3.1
1447 3.0
1448 -nan
1449 4.7
1450 4.0
1451 3.9
1452 4.0
1453 2.0
1454 2.7
1455 2.0
1456 3.8
1457 3.0
1458 4.0
1459 3.8
1460 -nan
1461 2.0
1462 3.8
1463 5.0
1464 3.0
1465 3.0
1466 4.0
1467 -nan
1468 3.2
1469 3.4
1470 3.0
1471 2.7
1472 2.0
1473 3.8
1474 2.0
1475 2.7
1476 2.0
1477 2.0
1478 2.8
1479 2.4
1480 1.7
1481 2.0
1482 4.0
1483 3.6
1484 2.0
1485 3.5
1486 1.0
1487 1.5
1488 4.0
1489 3.0
1490 3.0
1491 5.0
1492 4.0
1493 1.0
1494 -nan
1495 4.0
1496 1.5
1497 2.0
1498 4.0
1499 3.3
1500 5.0
1501 1.0
1502 1.5
1503 2.6
1504 4.0
1505 4.0
1506 4.0
1507 3.0
1508 2.3
1509 -nan
1510 3.0
1511 3.5
1512 3.5
1513 2.0
1514 4.5
1515 -nan
1516 4.5
1517 2.3
1518 3.1
1519 3.0
1520 3.0
1521 3.0
1522 2.4
1523 3.0
1524 4.3
1525 4.0
1526 4.0
1527 2.5
1528 2.5
1529 3.0
1530 1.5
1531 3.0
1532 2.0
1533 4.0
1534 2.5
1535 3.5
1536 5.0
1537 4.0
1538 3.0
1539 1.5
1540 3.5
1541 3.0
1542 -nan
1543 3.0
1544 -nan
1545 2.0
1546 -nan
1547 2.0
1548 1.0
1549 1.0
1550 3.0
1551 -nan
1552 2.0
1553 1.0
1554 4.0
1555 1.5
1556 -nan
1557 1.0
1558 3.0
1559 1.0
1560 2.3
1561 1.0
1562 1.0
1563 1.0
1564 -nan
1565 1.0
1566 1.0
1567 -nan
1568 1.0
1569 1.0
1570 1.0
1571 1.0
1572 1.0
1573 -nan
1574 -nan
1575 1.0
1576 1.0
1577 -nan
1578 1.0
1579 1.0
1580 1.0
1581 -nan
1582 1.0
1583 1.0
1584 -nan
1585 2.5
1586 1.0
1587 1.0
1588 1.0
1589 2.0
1590 1.0
1591 4.7
1592 3.0
1593 4.0
1594 -nan
1595 2.0
1596 2.0
1597 3.0
1598 1.7
1599 5.0
1600 3.0
1601 1.0
1602 3.5
1603 3.0
1604 -nan
1605 2.5
1606 -nan
1607 3.0
1608 2.0
1609 1.0
1610 3.0
1611 -nan
1612 5.0
1613 -nan
1614 3.0
1615 4.0
1616 4.0
1617 5.0
1618 -nan
1619 3.0
1620 3.2
1621 -nan
1622 -nan
1623 4.0
1624 2.0
1625 -nan
1626 -nan
1627 -nan
1628 5.0
1629 3.0
1630 -nan
1631 -nan
1632 -nan
1633 -nan
1634 -nan
1635 -nan
1636 -nan
1637 -nan
1638 -nan
1639 -nan
1640 -nan
1641 -nan
1642 4.0
1643 -nan
1644 1.0
1645 -nan
1646 -nan
1647 -nan
1648 -nan
1649 3.0
1650 -nan
1651 4.0
1652 -nan
1653 5.0
1654 1.0
1655 2.0
1656 2.0
1657 3.0
1658 -nan
1659 -nan
1660 -nan
1661 -nan
1662 -nan
1663 -nan
1664 -nan
1665 -nan
1666 -nan
1667 -nan
1668 -nan
1669 -nan
1670 -nan
1671 -nan
1672 -nan
1673 -nan
1674 -nan
1675 -nan
1676 -nan
1677 -nan
1678 -nan
1679 -nan
1680 -nan
1681 -nan
1682 -nan
